digraph Dorogovtsev_Mendes_nodes_100 {
0;
1;
2;
3;
4;
5;
6;
7;
8;
9;
10;
11;
12;
13;
14;
15;
16;
17;
18;
19;
20;
21;
22;
23;
24;
25;
26;
27;
28;
29;
30;
31;
32;
33;
34;
35;
36;
37;
38;
39;
40;
41;
42;
43;
44;
45;
46;
47;
48;
49;
50;
51;
52;
53;
54;
55;
56;
57;
58;
59;
60;
61;
62;
63;
64;
65;
66;
67;
68;
69;
70;
71;
72;
73;
74;
75;
76;
77;
78;
79;
80;
81;
82;
83;
84;
85;
86;
87;
88;
89;
90;
91;
92;
93;
94;
95;
96;
97;
98;
99;
0 -> 1;
1 -> 2;
2 -> 0;
3 -> 0;
3 -> 1;
4 -> 1;
4 -> 2;
5 -> 2;
5 -> 0;
6 -> 4;
6 -> 2;
7 -> 3;
7 -> 0;
8 -> 0;
8 -> 1;
9 -> 4;
9 -> 2;
10 -> 6;
10 -> 2;
11 -> 4;
11 -> 1;
12 -> 11;
12 -> 1;
13 -> 7;
13 -> 3;
14 -> 6;
14 -> 2;
15 -> 2;
15 -> 0;
16 -> 3;
16 -> 0;
17 -> 7;
17 -> 3;
18 -> 17;
18 -> 3;
19 -> 15;
19 -> 2;
20 -> 5;
20 -> 0;
21 -> 10;
21 -> 2;
22 -> 16;
22 -> 0;
23 -> 6;
23 -> 2;
24 -> 23;
24 -> 6;
25 -> 20;
25 -> 5;
26 -> 7;
26 -> 0;
27 -> 21;
27 -> 2;
28 -> 24;
28 -> 23;
29 -> 28;
29 -> 24;
30 -> 10;
30 -> 6;
31 -> 20;
31 -> 5;
32 -> 22;
32 -> 16;
33 -> 9;
33 -> 4;
34 -> 21;
34 -> 10;
35 -> 13;
35 -> 7;
36 -> 5;
36 -> 2;
37 -> 27;
37 -> 2;
38 -> 34;
38 -> 10;
39 -> 36;
39 -> 2;
40 -> 28;
40 -> 23;
41 -> 17;
41 -> 7;
42 -> 27;
42 -> 2;
43 -> 15;
43 -> 2;
44 -> 32;
44 -> 16;
45 -> 26;
45 -> 7;
46 -> 19;
46 -> 2;
47 -> 46;
47 -> 19;
48 -> 37;
48 -> 2;
49 -> 37;
49 -> 2;
50 -> 15;
50 -> 2;
51 -> 5;
51 -> 2;
52 -> 20;
52 -> 0;
53 -> 10;
53 -> 2;
54 -> 52;
54 -> 0;
55 -> 48;
55 -> 2;
56 -> 47;
56 -> 46;
57 -> 30;
57 -> 6;
58 -> 47;
58 -> 46;
59 -> 21;
59 -> 2;
60 -> 53;
60 -> 10;
61 -> 58;
61 -> 47;
62 -> 43;
62 -> 15;
63 -> 41;
63 -> 17;
64 -> 40;
64 -> 28;
65 -> 7;
65 -> 3;
66 -> 24;
66 -> 23;
67 -> 5;
67 -> 2;
68 -> 56;
68 -> 47;
69 -> 10;
69 -> 6;
70 -> 32;
70 -> 16;
71 -> 47;
71 -> 19;
72 -> 47;
72 -> 46;
73 -> 59;
73 -> 21;
74 -> 65;
74 -> 3;
75 -> 69;
75 -> 6;
76 -> 74;
76 -> 3;
77 -> 65;
77 -> 7;
78 -> 70;
78 -> 32;
79 -> 69;
79 -> 6;
80 -> 25;
80 -> 20;
81 -> 38;
81 -> 10;
82 -> 73;
82 -> 21;
83 -> 0;
83 -> 1;
84 -> 34;
84 -> 10;
85 -> 24;
85 -> 23;
86 -> 18;
86 -> 17;
87 -> 85;
87 -> 23;
88 -> 30;
88 -> 6;
89 -> 42;
89 -> 2;
90 -> 35;
90 -> 7;
91 -> 50;
91 -> 2;
92 -> 20;
92 -> 5;
93 -> 75;
93 -> 6;
94 -> 18;
94 -> 3;
95 -> 91;
95 -> 50;
96 -> 28;
96 -> 24;
97 -> 57;
97 -> 6;
98 -> 42;
98 -> 2;
99 -> 11;
99 -> 1;
}
