digraph Dorogovtsev_Mendes_nodes_30 {
0;
1;
2;
3;
4;
5;
6;
7;
8;
9;
10;
11;
12;
13;
14;
15;
16;
17;
18;
19;
20;
21;
22;
23;
24;
25;
26;
27;
28;
29;
0 -> 1;
1 -> 2;
2 -> 0;
3 -> 1;
3 -> 2;
4 -> 2;
4 -> 0;
5 -> 4;
5 -> 2;
6 -> 0;
6 -> 1;
7 -> 5;
7 -> 2;
8 -> 6;
8 -> 0;
9 -> 7;
9 -> 5;
10 -> 7;
10 -> 2;
11 -> 1;
11 -> 2;
12 -> 9;
12 -> 5;
13 -> 12;
13 -> 5;
14 -> 11;
14 -> 2;
15 -> 4;
15 -> 2;
16 -> 14;
16 -> 11;
17 -> 15;
17 -> 4;
18 -> 10;
18 -> 2;
19 -> 6;
19 -> 1;
20 -> 4;
20 -> 0;
21 -> 19;
21 -> 1;
22 -> 20;
22 -> 0;
23 -> 21;
23 -> 1;
24 -> 3;
24 -> 2;
25 -> 6;
25 -> 1;
26 -> 17;
26 -> 15;
27 -> 4;
27 -> 2;
28 -> 4;
28 -> 2;
29 -> 28;
29 -> 4;
}
