digraph Dorogovtsev_Mendes_nodes_500 {
0;
1;
2;
3;
4;
5;
6;
7;
8;
9;
10;
11;
12;
13;
14;
15;
16;
17;
18;
19;
20;
21;
22;
23;
24;
25;
26;
27;
28;
29;
30;
31;
32;
33;
34;
35;
36;
37;
38;
39;
40;
41;
42;
43;
44;
45;
46;
47;
48;
49;
50;
51;
52;
53;
54;
55;
56;
57;
58;
59;
60;
61;
62;
63;
64;
65;
66;
67;
68;
69;
70;
71;
72;
73;
74;
75;
76;
77;
78;
79;
80;
81;
82;
83;
84;
85;
86;
87;
88;
89;
90;
91;
92;
93;
94;
95;
96;
97;
98;
99;
100;
101;
102;
103;
104;
105;
106;
107;
108;
109;
110;
111;
112;
113;
114;
115;
116;
117;
118;
119;
120;
121;
122;
123;
124;
125;
126;
127;
128;
129;
130;
131;
132;
133;
134;
135;
136;
137;
138;
139;
140;
141;
142;
143;
144;
145;
146;
147;
148;
149;
150;
151;
152;
153;
154;
155;
156;
157;
158;
159;
160;
161;
162;
163;
164;
165;
166;
167;
168;
169;
170;
171;
172;
173;
174;
175;
176;
177;
178;
179;
180;
181;
182;
183;
184;
185;
186;
187;
188;
189;
190;
191;
192;
193;
194;
195;
196;
197;
198;
199;
200;
201;
202;
203;
204;
205;
206;
207;
208;
209;
210;
211;
212;
213;
214;
215;
216;
217;
218;
219;
220;
221;
222;
223;
224;
225;
226;
227;
228;
229;
230;
231;
232;
233;
234;
235;
236;
237;
238;
239;
240;
241;
242;
243;
244;
245;
246;
247;
248;
249;
250;
251;
252;
253;
254;
255;
256;
257;
258;
259;
260;
261;
262;
263;
264;
265;
266;
267;
268;
269;
270;
271;
272;
273;
274;
275;
276;
277;
278;
279;
280;
281;
282;
283;
284;
285;
286;
287;
288;
289;
290;
291;
292;
293;
294;
295;
296;
297;
298;
299;
300;
301;
302;
303;
304;
305;
306;
307;
308;
309;
310;
311;
312;
313;
314;
315;
316;
317;
318;
319;
320;
321;
322;
323;
324;
325;
326;
327;
328;
329;
330;
331;
332;
333;
334;
335;
336;
337;
338;
339;
340;
341;
342;
343;
344;
345;
346;
347;
348;
349;
350;
351;
352;
353;
354;
355;
356;
357;
358;
359;
360;
361;
362;
363;
364;
365;
366;
367;
368;
369;
370;
371;
372;
373;
374;
375;
376;
377;
378;
379;
380;
381;
382;
383;
384;
385;
386;
387;
388;
389;
390;
391;
392;
393;
394;
395;
396;
397;
398;
399;
400;
401;
402;
403;
404;
405;
406;
407;
408;
409;
410;
411;
412;
413;
414;
415;
416;
417;
418;
419;
420;
421;
422;
423;
424;
425;
426;
427;
428;
429;
430;
431;
432;
433;
434;
435;
436;
437;
438;
439;
440;
441;
442;
443;
444;
445;
446;
447;
448;
449;
450;
451;
452;
453;
454;
455;
456;
457;
458;
459;
460;
461;
462;
463;
464;
465;
466;
467;
468;
469;
470;
471;
472;
473;
474;
475;
476;
477;
478;
479;
480;
481;
482;
483;
484;
485;
486;
487;
488;
489;
490;
491;
492;
493;
494;
495;
496;
497;
498;
499;
0 -> 1;
1 -> 2;
2 -> 0;
3 -> 2;
3 -> 0;
4 -> 3;
4 -> 0;
5 -> 0;
5 -> 1;
6 -> 5;
6 -> 1;
7 -> 5;
7 -> 1;
8 -> 1;
8 -> 2;
9 -> 7;
9 -> 1;
10 -> 4;
10 -> 0;
11 -> 9;
11 -> 1;
12 -> 10;
12 -> 0;
13 -> 0;
13 -> 1;
14 -> 2;
14 -> 0;
15 -> 3;
15 -> 0;
16 -> 7;
16 -> 1;
17 -> 12;
17 -> 10;
18 -> 11;
18 -> 9;
19 -> 10;
19 -> 0;
20 -> 11;
20 -> 1;
21 -> 14;
21 -> 2;
22 -> 14;
22 -> 2;
23 -> 7;
23 -> 5;
24 -> 11;
24 -> 9;
25 -> 21;
25 -> 14;
26 -> 4;
26 -> 3;
27 -> 7;
27 -> 5;
28 -> 0;
28 -> 1;
29 -> 23;
29 -> 5;
30 -> 3;
30 -> 0;
31 -> 21;
31 -> 2;
32 -> 18;
32 -> 9;
33 -> 3;
33 -> 2;
34 -> 21;
34 -> 14;
35 -> 12;
35 -> 0;
36 -> 20;
36 -> 11;
37 -> 13;
37 -> 0;
38 -> 14;
38 -> 2;
39 -> 14;
39 -> 2;
40 -> 4;
40 -> 3;
41 -> 10;
41 -> 4;
42 -> 3;
42 -> 2;
43 -> 33;
43 -> 3;
44 -> 36;
44 -> 20;
45 -> 34;
45 -> 21;
46 -> 38;
46 -> 2;
47 -> 20;
47 -> 11;
48 -> 0;
48 -> 1;
49 -> 21;
49 -> 2;
50 -> 15;
50 -> 3;
51 -> 18;
51 -> 9;
52 -> 23;
52 -> 5;
53 -> 6;
53 -> 5;
54 -> 8;
54 -> 1;
55 -> 3;
55 -> 2;
56 -> 41;
56 -> 4;
57 -> 20;
57 -> 11;
58 -> 40;
58 -> 4;
59 -> 15;
59 -> 0;
60 -> 44;
60 -> 20;
61 -> 55;
61 -> 3;
62 -> 47;
62 -> 20;
63 -> 12;
63 -> 0;
64 -> 20;
64 -> 1;
65 -> 6;
65 -> 1;
66 -> 20;
66 -> 11;
67 -> 59;
67 -> 0;
68 -> 41;
68 -> 10;
69 -> 12;
69 -> 0;
70 -> 3;
70 -> 0;
71 -> 30;
71 -> 3;
72 -> 65;
72 -> 6;
73 -> 1;
73 -> 2;
74 -> 41;
74 -> 10;
75 -> 20;
75 -> 1;
76 -> 36;
76 -> 11;
77 -> 13;
77 -> 1;
78 -> 3;
78 -> 2;
79 -> 34;
79 -> 14;
80 -> 0;
80 -> 1;
81 -> 69;
81 -> 12;
82 -> 59;
82 -> 15;
83 -> 55;
83 -> 2;
84 -> 50;
84 -> 3;
85 -> 41;
85 -> 4;
86 -> 46;
86 -> 38;
87 -> 18;
87 -> 9;
88 -> 81;
88 -> 69;
89 -> 47;
89 -> 11;
90 -> 66;
90 -> 11;
91 -> 67;
91 -> 59;
92 -> 5;
92 -> 0;
93 -> 3;
93 -> 0;
94 -> 92;
94 -> 5;
95 -> 37;
95 -> 0;
96 -> 83;
96 -> 2;
97 -> 10;
97 -> 0;
98 -> 57;
98 -> 20;
99 -> 24;
99 -> 9;
100 -> 21;
100 -> 2;
101 -> 69;
101 -> 12;
102 -> 31;
102 -> 21;
103 -> 42;
103 -> 2;
104 -> 66;
104 -> 20;
105 -> 44;
105 -> 20;
106 -> 93;
106 -> 0;
107 -> 9;
107 -> 7;
108 -> 34;
108 -> 14;
109 -> 51;
109 -> 9;
110 -> 34;
110 -> 14;
111 -> 77;
111 -> 13;
112 -> 62;
112 -> 47;
113 -> 49;
113 -> 2;
114 -> 21;
114 -> 2;
115 -> 112;
115 -> 47;
116 -> 38;
116 -> 14;
117 -> 74;
117 -> 10;
118 -> 55;
118 -> 3;
119 -> 104;
119 -> 20;
120 -> 81;
120 -> 69;
121 -> 19;
121 -> 0;
122 -> 14;
122 -> 2;
123 -> 55;
123 -> 3;
124 -> 44;
124 -> 36;
125 -> 26;
125 -> 3;
126 -> 89;
126 -> 47;
127 -> 73;
127 -> 1;
128 -> 53;
128 -> 5;
129 -> 55;
129 -> 3;
130 -> 43;
130 -> 3;
131 -> 28;
131 -> 0;
132 -> 111;
132 -> 13;
133 -> 104;
133 -> 66;
134 -> 34;
134 -> 21;
135 -> 116;
135 -> 38;
136 -> 85;
136 -> 4;
137 -> 100;
137 -> 21;
138 -> 97;
138 -> 10;
139 -> 66;
139 -> 20;
140 -> 102;
140 -> 31;
141 -> 46;
141 -> 2;
142 -> 72;
142 -> 65;
143 -> 87;
143 -> 18;
144 -> 107;
144 -> 9;
145 -> 47;
145 -> 20;
146 -> 61;
146 -> 3;
147 -> 57;
147 -> 20;
148 -> 39;
148 -> 14;
149 -> 119;
149 -> 104;
150 -> 30;
150 -> 0;
151 -> 22;
151 -> 14;
152 -> 113;
152 -> 49;
153 -> 88;
153 -> 69;
154 -> 134;
154 -> 21;
155 -> 129;
155 -> 55;
156 -> 3;
156 -> 2;
157 -> 115;
157 -> 112;
158 -> 116;
158 -> 14;
159 -> 15;
159 -> 3;
160 -> 24;
160 -> 11;
161 -> 49;
161 -> 21;
162 -> 124;
162 -> 36;
163 -> 20;
163 -> 11;
164 -> 33;
164 -> 2;
165 -> 5;
165 -> 1;
166 -> 143;
166 -> 87;
167 -> 35;
167 -> 12;
168 -> 27;
168 -> 7;
169 -> 25;
169 -> 14;
170 -> 6;
170 -> 5;
171 -> 65;
171 -> 6;
172 -> 140;
172 -> 31;
173 -> 143;
173 -> 18;
174 -> 134;
174 -> 21;
175 -> 28;
175 -> 1;
176 -> 10;
176 -> 4;
177 -> 115;
177 -> 47;
178 -> 4;
178 -> 0;
179 -> 109;
179 -> 51;
180 -> 118;
180 -> 3;
181 -> 70;
181 -> 0;
182 -> 89;
182 -> 47;
183 -> 31;
183 -> 2;
184 -> 52;
184 -> 23;
185 -> 1;
185 -> 2;
186 -> 71;
186 -> 30;
187 -> 181;
187 -> 70;
188 -> 142;
188 -> 72;
189 -> 8;
189 -> 1;
190 -> 165;
190 -> 1;
191 -> 127;
191 -> 1;
192 -> 66;
192 -> 20;
193 -> 128;
193 -> 5;
194 -> 136;
194 -> 4;
195 -> 176;
195 -> 10;
196 -> 24;
196 -> 11;
197 -> 170;
197 -> 5;
198 -> 125;
198 -> 3;
199 -> 126;
199 -> 47;
200 -> 14;
200 -> 0;
201 -> 23;
201 -> 5;
202 -> 26;
202 -> 3;
203 -> 72;
203 -> 65;
204 -> 202;
204 -> 26;
205 -> 131;
205 -> 28;
206 -> 48;
206 -> 0;
207 -> 138;
207 -> 97;
208 -> 161;
208 -> 49;
209 -> 175;
209 -> 1;
210 -> 7;
210 -> 5;
211 -> 205;
211 -> 131;
212 -> 127;
212 -> 1;
213 -> 211;
213 -> 131;
214 -> 61;
214 -> 55;
215 -> 12;
215 -> 10;
216 -> 46;
216 -> 2;
217 -> 142;
217 -> 72;
218 -> 60;
218 -> 44;
219 -> 208;
219 -> 49;
220 -> 58;
220 -> 4;
221 -> 196;
221 -> 11;
222 -> 55;
222 -> 3;
223 -> 196;
223 -> 11;
224 -> 194;
224 -> 4;
225 -> 85;
225 -> 41;
226 -> 99;
226 -> 9;
227 -> 75;
227 -> 20;
228 -> 133;
228 -> 66;
229 -> 21;
229 -> 14;
230 -> 212;
230 -> 1;
231 -> 87;
231 -> 9;
232 -> 7;
232 -> 1;
233 -> 75;
233 -> 1;
234 -> 12;
234 -> 10;
235 -> 67;
235 -> 59;
236 -> 30;
236 -> 0;
237 -> 217;
237 -> 142;
238 -> 223;
238 -> 11;
239 -> 4;
239 -> 3;
240 -> 156;
240 -> 3;
241 -> 135;
241 -> 116;
242 -> 174;
242 -> 21;
243 -> 29;
243 -> 5;
244 -> 142;
244 -> 65;
245 -> 28;
245 -> 1;
246 -> 34;
246 -> 21;
247 -> 237;
247 -> 142;
248 -> 192;
248 -> 20;
249 -> 83;
249 -> 55;
250 -> 129;
250 -> 3;
251 -> 239;
251 -> 3;
252 -> 106;
252 -> 93;
253 -> 16;
253 -> 1;
254 -> 230;
254 -> 212;
255 -> 234;
255 -> 10;
256 -> 126;
256 -> 89;
257 -> 231;
257 -> 87;
258 -> 68;
258 -> 41;
259 -> 225;
259 -> 41;
260 -> 139;
260 -> 66;
261 -> 57;
261 -> 20;
262 -> 163;
262 -> 20;
263 -> 205;
263 -> 28;
264 -> 45;
264 -> 34;
265 -> 256;
265 -> 126;
266 -> 255;
266 -> 10;
267 -> 95;
267 -> 0;
268 -> 205;
268 -> 131;
269 -> 165;
269 -> 1;
270 -> 238;
270 -> 11;
271 -> 52;
271 -> 5;
272 -> 48;
272 -> 0;
273 -> 101;
273 -> 12;
274 -> 231;
274 -> 87;
275 -> 85;
275 -> 41;
276 -> 92;
276 -> 5;
277 -> 94;
277 -> 92;
278 -> 174;
278 -> 21;
279 -> 257;
279 -> 231;
280 -> 211;
280 -> 131;
281 -> 186;
281 -> 30;
282 -> 193;
282 -> 128;
283 -> 69;
283 -> 0;
284 -> 61;
284 -> 55;
285 -> 69;
285 -> 0;
286 -> 178;
286 -> 0;
287 -> 142;
287 -> 72;
288 -> 68;
288 -> 41;
289 -> 86;
289 -> 38;
290 -> 247;
290 -> 237;
291 -> 81;
291 -> 12;
292 -> 179;
292 -> 51;
293 -> 99;
293 -> 9;
294 -> 74;
294 -> 41;
295 -> 95;
295 -> 0;
296 -> 180;
296 -> 3;
297 -> 230;
297 -> 212;
298 -> 140;
298 -> 102;
299 -> 122;
299 -> 2;
300 -> 9;
300 -> 1;
301 -> 262;
301 -> 20;
302 -> 226;
302 -> 99;
303 -> 229;
303 -> 14;
304 -> 152;
304 -> 49;
305 -> 15;
305 -> 0;
306 -> 132;
306 -> 111;
307 -> 277;
307 -> 94;
308 -> 297;
308 -> 212;
309 -> 1;
309 -> 2;
310 -> 48;
310 -> 1;
311 -> 84;
311 -> 3;
312 -> 183;
312 -> 31;
313 -> 300;
313 -> 1;
314 -> 248;
314 -> 192;
315 -> 169;
315 -> 14;
316 -> 303;
316 -> 229;
317 -> 45;
317 -> 21;
318 -> 119;
318 -> 20;
319 -> 287;
319 -> 72;
320 -> 304;
320 -> 152;
321 -> 30;
321 -> 3;
322 -> 131;
322 -> 0;
323 -> 219;
323 -> 49;
324 -> 312;
324 -> 31;
325 -> 232;
325 -> 7;
326 -> 237;
326 -> 217;
327 -> 54;
327 -> 1;
328 -> 146;
328 -> 3;
329 -> 173;
329 -> 18;
330 -> 234;
330 -> 10;
331 -> 174;
331 -> 21;
332 -> 52;
332 -> 23;
333 -> 111;
333 -> 77;
334 -> 2;
334 -> 0;
335 -> 207;
335 -> 138;
336 -> 13;
336 -> 0;
337 -> 50;
337 -> 15;
338 -> 162;
338 -> 36;
339 -> 266;
339 -> 255;
340 -> 69;
340 -> 0;
341 -> 297;
341 -> 212;
342 -> 174;
342 -> 21;
343 -> 127;
343 -> 1;
344 -> 77;
344 -> 13;
345 -> 306;
345 -> 132;
346 -> 299;
346 -> 2;
347 -> 143;
347 -> 18;
348 -> 174;
348 -> 21;
349 -> 183;
349 -> 2;
350 -> 231;
350 -> 9;
351 -> 199;
351 -> 47;
352 -> 268;
352 -> 205;
353 -> 144;
353 -> 107;
354 -> 332;
354 -> 23;
355 -> 162;
355 -> 36;
356 -> 333;
356 -> 77;
357 -> 18;
357 -> 9;
358 -> 254;
358 -> 212;
359 -> 205;
359 -> 131;
360 -> 186;
360 -> 71;
361 -> 121;
361 -> 0;
362 -> 68;
362 -> 10;
363 -> 129;
363 -> 55;
364 -> 234;
364 -> 10;
365 -> 238;
365 -> 11;
366 -> 155;
366 -> 129;
367 -> 15;
367 -> 3;
368 -> 136;
368 -> 4;
369 -> 245;
369 -> 28;
370 -> 228;
370 -> 66;
371 -> 19;
371 -> 0;
372 -> 153;
372 -> 69;
373 -> 37;
373 -> 13;
374 -> 282;
374 -> 193;
375 -> 367;
375 -> 3;
376 -> 213;
376 -> 131;
377 -> 258;
377 -> 41;
378 -> 359;
378 -> 131;
379 -> 311;
379 -> 3;
380 -> 378;
380 -> 359;
381 -> 30;
381 -> 0;
382 -> 51;
382 -> 18;
383 -> 189;
383 -> 8;
384 -> 12;
384 -> 10;
385 -> 340;
385 -> 69;
386 -> 318;
386 -> 119;
387 -> 58;
387 -> 40;
388 -> 82;
388 -> 15;
389 -> 326;
389 -> 237;
390 -> 65;
390 -> 6;
391 -> 301;
391 -> 20;
392 -> 280;
392 -> 211;
393 -> 6;
393 -> 5;
394 -> 366;
394 -> 129;
395 -> 115;
395 -> 47;
396 -> 93;
396 -> 0;
397 -> 44;
397 -> 20;
398 -> 159;
398 -> 15;
399 -> 324;
399 -> 31;
400 -> 38;
400 -> 14;
401 -> 322;
401 -> 0;
402 -> 162;
402 -> 36;
403 -> 18;
403 -> 9;
404 -> 167;
404 -> 12;
405 -> 250;
405 -> 3;
406 -> 161;
406 -> 21;
407 -> 135;
407 -> 38;
408 -> 175;
408 -> 28;
409 -> 317;
409 -> 45;
410 -> 97;
410 -> 0;
411 -> 181;
411 -> 0;
412 -> 208;
412 -> 49;
413 -> 261;
413 -> 20;
414 -> 247;
414 -> 142;
415 -> 240;
415 -> 3;
416 -> 183;
416 -> 2;
417 -> 49;
417 -> 21;
418 -> 71;
418 -> 3;
419 -> 374;
419 -> 282;
420 -> 153;
420 -> 69;
421 -> 94;
421 -> 5;
422 -> 271;
422 -> 52;
423 -> 70;
423 -> 0;
424 -> 91;
424 -> 59;
425 -> 322;
425 -> 0;
426 -> 284;
426 -> 61;
427 -> 299;
427 -> 122;
428 -> 95;
428 -> 37;
429 -> 116;
429 -> 38;
430 -> 13;
430 -> 0;
431 -> 253;
431 -> 16;
432 -> 133;
432 -> 104;
433 -> 312;
433 -> 31;
434 -> 137;
434 -> 21;
435 -> 263;
435 -> 205;
436 -> 325;
436 -> 7;
437 -> 174;
437 -> 21;
438 -> 209;
438 -> 1;
439 -> 211;
439 -> 131;
440 -> 165;
440 -> 1;
441 -> 40;
441 -> 3;
442 -> 103;
442 -> 42;
443 -> 416;
443 -> 183;
444 -> 440;
444 -> 165;
445 -> 277;
445 -> 92;
446 -> 314;
446 -> 192;
447 -> 22;
447 -> 14;
448 -> 210;
448 -> 7;
449 -> 377;
449 -> 41;
450 -> 239;
450 -> 3;
451 -> 89;
451 -> 47;
452 -> 193;
452 -> 5;
453 -> 116;
453 -> 38;
454 -> 430;
454 -> 0;
455 -> 127;
455 -> 73;
456 -> 198;
456 -> 125;
457 -> 209;
457 -> 1;
458 -> 388;
458 -> 15;
459 -> 367;
459 -> 3;
460 -> 288;
460 -> 68;
461 -> 62;
461 -> 47;
462 -> 65;
462 -> 6;
463 -> 156;
463 -> 2;
464 -> 84;
464 -> 50;
465 -> 361;
465 -> 121;
466 -> 461;
466 -> 62;
467 -> 114;
467 -> 2;
468 -> 382;
468 -> 18;
469 -> 376;
469 -> 131;
470 -> 458;
470 -> 15;
471 -> 96;
471 -> 83;
472 -> 308;
472 -> 297;
473 -> 273;
473 -> 101;
474 -> 402;
474 -> 36;
475 -> 144;
475 -> 107;
476 -> 285;
476 -> 69;
477 -> 334;
477 -> 2;
478 -> 257;
478 -> 231;
479 -> 442;
479 -> 103;
480 -> 250;
480 -> 3;
481 -> 314;
481 -> 248;
482 -> 290;
482 -> 247;
483 -> 340;
483 -> 69;
484 -> 269;
484 -> 165;
485 -> 368;
485 -> 136;
486 -> 245;
486 -> 1;
487 -> 38;
487 -> 2;
488 -> 116;
488 -> 14;
489 -> 351;
489 -> 199;
490 -> 457;
490 -> 209;
491 -> 232;
491 -> 7;
492 -> 445;
492 -> 277;
493 -> 390;
493 -> 65;
494 -> 10;
494 -> 0;
495 -> 117;
495 -> 74;
496 -> 288;
496 -> 41;
497 -> 431;
497 -> 16;
498 -> 123;
498 -> 55;
499 -> 407;
499 -> 135;
}
