digraph Erdos_Renyi_nodes_500_edges_700 {
0;
1;
2;
3;
4;
5;
6;
7;
8;
9;
10;
11;
12;
13;
14;
15;
16;
17;
18;
19;
20;
21;
22;
23;
24;
25;
26;
27;
28;
29;
30;
31;
32;
33;
34;
35;
36;
37;
38;
39;
40;
41;
42;
43;
44;
45;
46;
47;
48;
49;
50;
51;
52;
53;
54;
55;
56;
57;
58;
59;
60;
61;
62;
63;
64;
65;
66;
67;
68;
69;
70;
71;
72;
73;
74;
75;
76;
77;
78;
79;
80;
81;
82;
83;
84;
85;
86;
87;
88;
89;
90;
91;
92;
93;
94;
95;
96;
97;
98;
99;
100;
101;
102;
103;
104;
105;
106;
107;
108;
109;
110;
111;
112;
113;
114;
115;
116;
117;
118;
119;
120;
121;
122;
123;
124;
125;
126;
127;
128;
129;
130;
131;
132;
133;
134;
135;
136;
137;
138;
139;
140;
141;
142;
143;
144;
145;
146;
147;
148;
149;
150;
151;
152;
153;
154;
155;
156;
157;
158;
159;
160;
161;
162;
163;
164;
165;
166;
167;
168;
169;
170;
171;
172;
173;
174;
175;
176;
177;
178;
179;
180;
181;
182;
183;
184;
185;
186;
187;
188;
189;
190;
191;
192;
193;
194;
195;
196;
197;
198;
199;
200;
201;
202;
203;
204;
205;
206;
207;
208;
209;
210;
211;
212;
213;
214;
215;
216;
217;
218;
219;
220;
221;
222;
223;
224;
225;
226;
227;
228;
229;
230;
231;
232;
233;
234;
235;
236;
237;
238;
239;
240;
241;
242;
243;
244;
245;
246;
247;
248;
249;
250;
251;
252;
253;
254;
255;
256;
257;
258;
259;
260;
261;
262;
263;
264;
265;
266;
267;
268;
269;
270;
271;
272;
273;
274;
275;
276;
277;
278;
279;
280;
281;
282;
283;
284;
285;
286;
287;
288;
289;
290;
291;
292;
293;
294;
295;
296;
297;
298;
299;
300;
301;
302;
303;
304;
305;
306;
307;
308;
309;
310;
311;
312;
313;
314;
315;
316;
317;
318;
319;
320;
321;
322;
323;
324;
325;
326;
327;
328;
329;
330;
331;
332;
333;
334;
335;
336;
337;
338;
339;
340;
341;
342;
343;
344;
345;
346;
347;
348;
349;
350;
351;
352;
353;
354;
355;
356;
357;
358;
359;
360;
361;
362;
363;
364;
365;
366;
367;
368;
369;
370;
371;
372;
373;
374;
375;
376;
377;
378;
379;
380;
381;
382;
383;
384;
385;
386;
387;
388;
389;
390;
391;
392;
393;
394;
395;
396;
397;
398;
399;
400;
401;
402;
403;
404;
405;
406;
407;
408;
409;
410;
411;
412;
413;
414;
415;
416;
417;
418;
419;
420;
421;
422;
423;
424;
425;
426;
427;
428;
429;
430;
431;
432;
433;
434;
435;
436;
437;
438;
439;
440;
441;
442;
443;
444;
445;
446;
447;
448;
449;
450;
451;
452;
453;
454;
455;
456;
457;
458;
459;
460;
461;
462;
463;
464;
465;
466;
467;
468;
469;
470;
471;
472;
473;
474;
475;
476;
477;
478;
479;
480;
481;
482;
483;
484;
485;
486;
487;
488;
489;
490;
491;
492;
493;
494;
495;
496;
497;
498;
499;
157 -> 345;
361 -> 352;
459 -> 170;
323 -> 112;
6 -> 413;
19 -> 395;
430 -> 28;
437 -> 101;
191 -> 49;
450 -> 329;
88 -> 443;
464 -> 134;
231 -> 370;
349 -> 416;
414 -> 162;
18 -> 238;
174 -> 84;
214 -> 133;
344 -> 3;
268 -> 226;
252 -> 282;
465 -> 218;
456 -> 121;
242 -> 205;
67 -> 97;
117 -> 343;
458 -> 70;
413 -> 88;
289 -> 20;
71 -> 290;
21 -> 79;
455 -> 265;
433 -> 143;
431 -> 204;
392 -> 74;
25 -> 74;
126 -> 59;
79 -> 122;
396 -> 181;
134 -> 343;
4 -> 328;
394 -> 350;
141 -> 406;
88 -> 50;
387 -> 312;
432 -> 282;
65 -> 474;
344 -> 158;
152 -> 251;
109 -> 357;
24 -> 110;
384 -> 484;
379 -> 2;
28 -> 165;
366 -> 46;
251 -> 62;
409 -> 143;
311 -> 113;
229 -> 280;
143 -> 415;
432 -> 138;
419 -> 104;
38 -> 345;
50 -> 331;
65 -> 253;
241 -> 146;
79 -> 383;
58 -> 422;
220 -> 329;
380 -> 198;
379 -> 249;
245 -> 382;
29 -> 259;
437 -> 339;
215 -> 470;
216 -> 142;
133 -> 4;
310 -> 99;
215 -> 388;
306 -> 352;
418 -> 480;
350 -> 151;
67 -> 430;
408 -> 331;
28 -> 46;
220 -> 162;
257 -> 351;
38 -> 349;
36 -> 357;
96 -> 195;
93 -> 363;
213 -> 354;
149 -> 107;
469 -> 172;
286 -> 485;
253 -> 452;
132 -> 477;
202 -> 463;
45 -> 335;
111 -> 416;
398 -> 64;
252 -> 134;
270 -> 192;
391 -> 432;
43 -> 476;
100 -> 73;
169 -> 244;
488 -> 58;
223 -> 413;
371 -> 238;
487 -> 214;
97 -> 407;
474 -> 309;
174 -> 202;
365 -> 169;
236 -> 391;
394 -> 384;
271 -> 158;
72 -> 398;
227 -> 148;
266 -> 49;
295 -> 129;
365 -> 164;
331 -> 268;
477 -> 417;
102 -> 491;
66 -> 336;
480 -> 255;
153 -> 176;
186 -> 250;
157 -> 181;
186 -> 487;
437 -> 453;
7 -> 183;
108 -> 202;
16 -> 428;
19 -> 109;
334 -> 233;
282 -> 492;
81 -> 57;
65 -> 480;
52 -> 115;
137 -> 378;
124 -> 234;
348 -> 281;
150 -> 325;
117 -> 405;
106 -> 179;
191 -> 292;
208 -> 356;
198 -> 277;
488 -> 77;
92 -> 230;
3 -> 435;
320 -> 476;
73 -> 476;
475 -> 114;
242 -> 400;
81 -> 382;
358 -> 480;
475 -> 435;
157 -> 270;
9 -> 402;
22 -> 202;
105 -> 226;
206 -> 418;
304 -> 472;
187 -> 91;
182 -> 116;
0 -> 170;
433 -> 326;
346 -> 255;
154 -> 100;
467 -> 266;
274 -> 143;
153 -> 392;
400 -> 348;
462 -> 267;
144 -> 20;
343 -> 356;
95 -> 217;
401 -> 23;
400 -> 261;
16 -> 445;
441 -> 355;
230 -> 267;
40 -> 299;
431 -> 221;
327 -> 408;
327 -> 105;
194 -> 333;
481 -> 404;
134 -> 83;
464 -> 36;
417 -> 429;
182 -> 139;
22 -> 258;
401 -> 5;
269 -> 196;
73 -> 231;
81 -> 84;
17 -> 169;
445 -> 450;
255 -> 375;
472 -> 249;
196 -> 39;
351 -> 342;
151 -> 44;
71 -> 58;
360 -> 239;
293 -> 190;
442 -> 372;
254 -> 133;
352 -> 57;
189 -> 498;
487 -> 476;
349 -> 162;
226 -> 337;
344 -> 150;
115 -> 16;
201 -> 292;
363 -> 402;
183 -> 244;
45 -> 234;
344 -> 324;
136 -> 374;
45 -> 489;
221 -> 458;
448 -> 3;
13 -> 49;
115 -> 499;
417 -> 280;
348 -> 31;
109 -> 431;
7 -> 339;
138 -> 455;
424 -> 160;
101 -> 251;
408 -> 127;
184 -> 420;
10 -> 227;
405 -> 46;
4 -> 140;
143 -> 452;
434 -> 45;
202 -> 50;
97 -> 331;
135 -> 83;
44 -> 41;
141 -> 318;
312 -> 311;
172 -> 288;
20 -> 317;
176 -> 54;
278 -> 391;
187 -> 424;
149 -> 378;
222 -> 400;
239 -> 250;
21 -> 337;
55 -> 196;
460 -> 448;
447 -> 319;
261 -> 171;
451 -> 324;
216 -> 432;
413 -> 320;
51 -> 241;
283 -> 391;
409 -> 451;
364 -> 499;
413 -> 363;
175 -> 455;
247 -> 369;
115 -> 103;
122 -> 264;
449 -> 112;
141 -> 6;
440 -> 197;
326 -> 499;
483 -> 326;
133 -> 174;
200 -> 268;
358 -> 75;
286 -> 455;
51 -> 384;
399 -> 10;
223 -> 420;
105 -> 200;
18 -> 183;
226 -> 50;
469 -> 66;
5 -> 165;
451 -> 387;
448 -> 90;
439 -> 44;
201 -> 482;
201 -> 370;
56 -> 284;
445 -> 1;
24 -> 253;
140 -> 9;
21 -> 362;
262 -> 294;
369 -> 200;
427 -> 319;
22 -> 64;
333 -> 159;
192 -> 282;
125 -> 404;
102 -> 352;
295 -> 441;
422 -> 151;
488 -> 482;
441 -> 370;
236 -> 432;
183 -> 177;
190 -> 28;
318 -> 242;
357 -> 403;
57 -> 337;
40 -> 466;
75 -> 472;
329 -> 385;
6 -> 304;
373 -> 80;
364 -> 91;
425 -> 327;
139 -> 29;
219 -> 428;
209 -> 247;
198 -> 201;
407 -> 222;
231 -> 203;
92 -> 155;
492 -> 33;
314 -> 155;
34 -> 161;
278 -> 24;
460 -> 261;
251 -> 231;
120 -> 233;
116 -> 370;
484 -> 24;
145 -> 78;
385 -> 454;
167 -> 248;
151 -> 123;
252 -> 251;
439 -> 353;
18 -> 478;
107 -> 62;
413 -> 226;
423 -> 449;
18 -> 387;
344 -> 267;
25 -> 476;
105 -> 97;
144 -> 483;
332 -> 208;
77 -> 141;
485 -> 343;
317 -> 154;
100 -> 332;
50 -> 197;
364 -> 395;
95 -> 373;
49 -> 187;
301 -> 6;
25 -> 299;
44 -> 319;
96 -> 334;
135 -> 489;
235 -> 224;
395 -> 107;
350 -> 124;
132 -> 43;
109 -> 49;
296 -> 5;
410 -> 198;
98 -> 293;
177 -> 224;
359 -> 109;
476 -> 272;
114 -> 379;
331 -> 358;
148 -> 175;
255 -> 141;
433 -> 239;
113 -> 59;
41 -> 57;
203 -> 227;
496 -> 117;
261 -> 479;
375 -> 375;
466 -> 187;
285 -> 86;
193 -> 407;
372 -> 58;
74 -> 255;
128 -> 434;
216 -> 439;
280 -> 363;
166 -> 492;
36 -> 271;
433 -> 346;
433 -> 324;
195 -> 156;
240 -> 300;
113 -> 138;
48 -> 472;
266 -> 452;
22 -> 187;
364 -> 135;
464 -> 408;
60 -> 254;
49 -> 61;
480 -> 381;
101 -> 281;
422 -> 448;
202 -> 495;
60 -> 393;
477 -> 348;
223 -> 368;
236 -> 238;
358 -> 201;
294 -> 493;
135 -> 486;
102 -> 482;
11 -> 56;
485 -> 240;
497 -> 7;
256 -> 326;
189 -> 116;
442 -> 474;
110 -> 389;
46 -> 20;
398 -> 276;
95 -> 112;
459 -> 374;
295 -> 187;
190 -> 360;
214 -> 312;
176 -> 242;
462 -> 402;
410 -> 130;
282 -> 435;
310 -> 306;
185 -> 127;
287 -> 176;
107 -> 192;
44 -> 465;
410 -> 477;
135 -> 493;
102 -> 367;
411 -> 449;
168 -> 386;
29 -> 424;
98 -> 118;
172 -> 416;
243 -> 136;
125 -> 113;
207 -> 2;
443 -> 50;
411 -> 270;
360 -> 0;
270 -> 438;
252 -> 103;
335 -> 6;
134 -> 311;
322 -> 89;
216 -> 463;
85 -> 246;
49 -> 426;
143 -> 28;
490 -> 50;
53 -> 320;
246 -> 169;
194 -> 471;
321 -> 104;
18 -> 461;
147 -> 498;
154 -> 419;
293 -> 390;
299 -> 195;
57 -> 456;
80 -> 181;
293 -> 332;
410 -> 315;
356 -> 15;
154 -> 164;
358 -> 128;
15 -> 190;
5 -> 356;
378 -> 1;
31 -> 357;
305 -> 329;
221 -> 200;
211 -> 54;
111 -> 168;
240 -> 199;
224 -> 169;
470 -> 418;
189 -> 246;
267 -> 274;
390 -> 172;
315 -> 265;
29 -> 202;
215 -> 409;
388 -> 494;
234 -> 232;
15 -> 109;
94 -> 102;
165 -> 139;
367 -> 174;
91 -> 140;
233 -> 109;
299 -> 334;
4 -> 396;
444 -> 387;
235 -> 120;
25 -> 262;
112 -> 21;
165 -> 336;
342 -> 211;
297 -> 153;
44 -> 56;
155 -> 275;
194 -> 436;
26 -> 41;
141 -> 222;
59 -> 261;
374 -> 63;
357 -> 52;
340 -> 137;
352 -> 141;
44 -> 62;
226 -> 154;
108 -> 433;
40 -> 235;
209 -> 298;
101 -> 318;
39 -> 423;
29 -> 284;
41 -> 147;
422 -> 169;
409 -> 15;
160 -> 460;
446 -> 355;
150 -> 214;
23 -> 27;
367 -> 212;
455 -> 283;
299 -> 258;
204 -> 211;
413 -> 438;
274 -> 488;
388 -> 170;
461 -> 280;
494 -> 421;
439 -> 266;
338 -> 96;
298 -> 321;
22 -> 419;
39 -> 270;
312 -> 81;
21 -> 388;
43 -> 353;
25 -> 116;
404 -> 52;
304 -> 278;
308 -> 296;
487 -> 385;
484 -> 444;
465 -> 235;
16 -> 124;
236 -> 38;
364 -> 361;
414 -> 286;
235 -> 312;
299 -> 353;
405 -> 154;
117 -> 63;
360 -> 193;
76 -> 291;
282 -> 187;
156 -> 84;
435 -> 246;
283 -> 498;
225 -> 367;
147 -> 218;
256 -> 219;
79 -> 259;
71 -> 148;
297 -> 439;
5 -> 207;
376 -> 48;
376 -> 294;
437 -> 225;
62 -> 257;
88 -> 344;
296 -> 415;
441 -> 428;
362 -> 282;
94 -> 66;
293 -> 289;
41 -> 366;
58 -> 148;
175 -> 167;
383 -> 297;
61 -> 433;
230 -> 126;
269 -> 37;
487 -> 313;
272 -> 388;
175 -> 304;
380 -> 366;
165 -> 263;
26 -> 261;
170 -> 123;
61 -> 405;
86 -> 266;
413 -> 416;
107 -> 366;
193 -> 466;
177 -> 257;
356 -> 347;
244 -> 430;
225 -> 386;
47 -> 478;
179 -> 457;
230 -> 314;
45 -> 48;
93 -> 80;
458 -> 167;
304 -> 118;
227 -> 34;
92 -> 361;
197 -> 85;
283 -> 127;
418 -> 23;
407 -> 298;
314 -> 414;
418 -> 252;
87 -> 410;
77 -> 239;
340 -> 411;
49 -> 385;
309 -> 267;
421 -> 491;
209 -> 135;
417 -> 19;
172 -> 152;
402 -> 89;
209 -> 51;
124 -> 94;
304 -> 139;
294 -> 21;
15 -> 183;
488 -> 463;
231 -> 319;
186 -> 392;
208 -> 493;
294 -> 398;
456 -> 36;
319 -> 321;
166 -> 443;
427 -> 420;
257 -> 470;
261 -> 494;
329 -> 56;
244 -> 157;
301 -> 253;
241 -> 65;
259 -> 296;
233 -> 411;
52 -> 204;
187 -> 381;
25 -> 470;
282 -> 150;
166 -> 491;
479 -> 445;
323 -> 122;
387 -> 144;
235 -> 322;
106 -> 372;
105 -> 474;
109 -> 273;
260 -> 27;
88 -> 408;
419 -> 454;
11 -> 104;
185 -> 227;
399 -> 357;
280 -> 365;
457 -> 214;
172 -> 161;
152 -> 212;
}
